$ANSIBLE_VAULT;1.1;AES256
66363433623937643965333036393637396264333061336630623834663633636663333430353730
6136616165623465656637623265343337356463323166320a353062656462646238396166373639
61386136366366613164363935323534643733646261386133303166336438626435316239343439
3665313538356535330a663832366563623633316466646563663232343339633630616665306235
62306666313535353566323032386337323435313535643934373665613362333531303332616361
39313936363733346433666163386532633861323830313966303833373262653636383830613838
33353539316363613830356630396335353632306538333730303236353138613532343531313130
39626238333761396461663534646262356132623930636636653766343436303539376639656537
35303434363535333530643833666130393865643736343735376366316633333966313139316339
31656430633865616662663639303734326131616439636562653234323962663866393165393464
37653966393436643232386466343334626335363562666563663863316637393633303663386365
35643261333537616466303834663334376438363164633830623433306663663138633162386464
62653539383033633966626334393737353630383963373632386539643366613466343238376439
33323265343465623939316339356637616339643639393462366338613835303138636563363238
61636462656430653163366165653566373837323236356230333035383038633732656631306234
66376632383530366334386636396463303131353830336230333136626535363033613161333939
61636462323638363664353264353566623937623563396336303563306231306366646139623161
37626239633332653936386666616664616636633539346239316562333666396534306264313939
63623432373831346161653131343736303763643264653939623537313139303261363438306433
61623731623933363932343432376665366334656265343364326434353735336432363332313965
63623232666135316631303630383938383631376635303866643363636131363138323065623964
64666637396630336264363836383731666364366336313139336232643931623433643232333038
34613032336665653233383862653965343138653632333965626436643834653330386462623138
65376532653535383961336164643130656132373332343831666362303139643431663137393937
63626639303532663130316131353137326432323662636431363436303936653334666636353539
62653932316136323765633764633139663636643230343263323034373235313038356139396566
37343363326635303033356434653432316139636139383434333839623761613736623564386431
37623266386639653834343339663639303966373836613332343531643763366536386235616138
61616539363130643063343233636464323330313361393637396639613439643136666365623138
31313431366430323837346332653631663563393637623261393564326530373535313936343563
37366463323635643234333939363934363638303061353932633564326330353739333837656361
63373534366636383934323465646639303666303331333739376664663635366138663437393537
38336539363730653133383461393561343939633935373964336266616662616261306563626235
37393265353837303561356439323536396463656538373837643138376631343635316430373433
65313665323965336138663830643633396230616132623266623734303934333636623265643339
37653832653935393031616437363838613737373466616463643438623666663436343535306230
32366337636262623139633334306639303062386432316132633464636263663337613563393233
33633665623465626132396163643863666662643238623431653163373538616233343136356265
36326135303964663730646335376430636331346638373862626334623731333366613531393765
31373262656334616463366432393134396333616635353737393130356434366538646337313366
63663234663433323936336565346563643035333237383465386231316235653162333839386332
66653435313163666638353066346638323434343363386439633135313562386436333839653336
32626539376630633138383131396562306331376262616535646438636436373864613938396161
62326464373733326435303934306564636165343335646566646362343361396234386665306336
33643439353538303263363664653965306238646262356436373339333139623163343266616164
33613931383836376365383133366134323236386464666234666233356136633933653466633866
30313237663339646332396662373136393736653036316138613633666462343562326463633736
39333031343465366633643138393133656236333337613837363334643463626332626132343261
31313839313137376638346463626464343838376565306334646466346234653338326432616637
61303132663266343364353162363666666362643036666662346431373265303964383238356637
30383062373763353730396231613433373830363239353739306462623431653166343361633062
38303164356564386431323131386534336431373466396465353037663766393936633562343633
64386461383537313262373432383764333739373165643433393737353763376137643063666438
39366532666638656462633135613665653665376261353738386130346462626161616136626235
39616331383564376133666562656664376161313965663435303238366534393262343131383064
66343363633866353164303337313936643933393037626636316531366133336163316334303066
32333738393035613733333961366431343739376365396263613466356662353031303533643932
30333436623930396435393566323962656361336465323033663432366365393366383063656564
39303938626666396437636232306263636538653438663732643434346363356137393235623932
34623838656139393233613264626166363964346136623839376466353165656135373831613263
32386133366563363033643533646262393365323739316438663064366337616161376633626263
31313263353765626563383463613566373839653266613535313565386265333261313563616661
63303230653063656333623364376638623437613432363737306463393062303565636330383134
61653631326232636236363833323365643736626631306234356361386535656236643637346135
64336337326232316465326539393531646531666639663132343530366536633534386131363435
35303135646564363538386535653233363238663332343261643339623961383666633336623138
37613936363730353734643830366165336331656238633163373637616661393561383263313561
35643931666565613466373865353761363562616365653565313366653433383930626337653566
39396136636566343161393965303035623936633339616331363137626636613534643864613266
31363935313566333761393634613963393030313935643564376530316162643566663864643164
63663738346630366564616335386663626231333131663464316537323364626633643936623336
31636139386437323237393937336636666564653164653464653830323838326536386636323537
35323533336464323332323639376364353939393866333939363261306634396534613864396431
35633730313535623662356135326235663366653765666332396135396238333831326330313866
39303764326533623731616439366465326634653231643937316330326639346531353232336335
66343661663263303630363338386664306462646230383538373436353763656339323739373330
66373662653763326163656434383537613936396566396139643064363766333365393430303532
61646263303638313037613639613136383737636336613037636634613763363137616362663661
30383936613733646238343861363436366636386332303462366234343233326661663862386636
63373363303533383532383835626663383036316463663238663531386565663136623964353435
61333866363734303637323338643463373130636134616432383938333337613966336530363161
34323330656537396461643833313339373363613039303866653233343836643838336437316462
34326165623266653830323930656166343061656331626138663961626533386436376664643162
35373539653837633066336663623031313863643338623432376633653333316236353763353031
64663936333139623362346131623237643938616464363838386234353735653434383162323065
36396337326165343132303836643533373164653630653662666134363737643166373430316462
66326365656665333339373836393465333232626534363066623537356234323865373434653633
31376437623463636230663931383161353530653466396265623531313161343336323638643737
66393038656239303232383737613335303365663239623433366461643731313238643835356330
37656261383061623135396434363066303132326230313261666662656432326130333938323034
61653861356466653339653861623534323032643936653332643432343635396231643561316565
63323765356537306533616336336562356565623631653962346261653366396537633938343638
62646236303063623265326464626239656465313733613162353661353934363937646632666262
66326236313564326162356330323138626364396439393936393035376537303731383730653364
64306230356330376134393066646531313538383665323464313037353737666637643337646662
66343835393961353361353138333936616561333137313963643232393035383364653034356131
38333663656233353266633133633839616239653233303032346631363532386136616566333631
63646264326636353734653038636639623433373632646564303937333831666132653835666263
62336537666161656462343262613036383930363966363437313564333030633061343632646239
64613539643663333062363338653961393134356562613036376537653664373638653833393637
34646463626135313734353663343963393238376634643330306133343732376666616430356531
35333863366239623131313037623239333733393135646366336135323139356235373437633866
61376130613762313733643531653564633466633337343861393066653663323332626637303434
30636533386265323635393965393462656636353161326561653261393035616164346330656332
39373664643337663765373937323837656430653665646662323734346564643131396162663364
63303235396232323263333939656537306635636561373733616434336533353363383430376663
39323866353833383563666638313136396364636130373766613861303536343137343130393664
62653461666663653061663738346133356563393865313566343935313330663131343966326536
31306339393931653166623931323534306164393032616438616335646235376333376333393237
36343735623233383632326633323765333839373662656131626263666366373936616439616665
63303865383632666266396233366337376462323762333466383566303633633234313234323634
62393336386665353838303833303632653236383030623339636538366138663236636339326161
63356633393639653631383165383431376532633164613464363933383332653164373832663036
62303432633963623435656233613133386530643238303432613831376537623432363263656261
36623430376163326338646135646661323165363830353636343364376534653963616430393731
35303636386133313832386636653463663230303565313233643034323232376466323337303361
61623038626364373933656534663362346263623638656336616538623565383830663863633635
33366165313134383162386634633330386263353235343833383732333738616263306231316439
33373834303630613036353261323737303662303862343331643862303764643132396261623032
37383461316366643430646564386463356432666337623762373465346365323166356661313032
65313764626332373230323037396665623331323039633364613538656334326332313366393635
31366431376138613331353163633061316366663863386365363231363733616534633261396137
66383238663132306137663632363332393632306661313365306163303935316462663263616331
33626466353633373432373566663736303565636264306331626162376364353037633564343665
32343862346263626231316234643164353130646134346562383334323363346436373635336662
66613139373838333862663038383430356139396633326463306163636566346338353765326237
32663061643065646530313931653566343835633337326466636262666366616231323466346366
39633263313237346437356439323132356563656436373238623037633432653730653538343938
31353432323932636230643366326539363136653736323736623037316339356238393434623532
33386262303433333133393263373461396265663730336138613164643166646634623737373039
61643765653334313832326534323335386437386161653439393864663830656239616566386238
32633331393434393439306331323630663963356431353962363138353962653638646361303732
62663930386436356132303736663365383632663432366164643936333761623832383835653238
61316230616466343563643837643463396366326231666434336439313830366631383531333261
32633230353330336165613365313739636361333938313439666465363031653063626235656234
65373262626532393933336231303738336530343737663961666533653931656530316139346665
39396638393565353164653634303230313130316630333664336231396631373565306134303932
39323030336262663666366235653662626535333933323535643630643737616135323438313338
64663164616533363530393636383835363135383161366365356466373865333539313535383163
32356638373836373936393164373334656339636437623034306330353538616130326363623065
39613735356164383763643639353936343033663632396136613564373662303031333562613666
32343161663063636536616336653031316530333562356134666135363463383264383239633132
32616461346466656465396432353066346561626631386466326130643434383765633833373037
37363764316239316566383962313130326161333430613563376161303435373437653732653865
30333939636637346163326236393364623336613636616362333663313362373962623061313961
66393431666466353833346162663062363365303039313639633238666334663331356161613538
30346234343334336663346139633665663965343735323331303236356363303534643239306332
35326261363437396430313134396338396430623135343036343261343864306531363365356430
62316661336534363966653533663333633462343835656332663437386236326631653663646431
61306235343330653635376438613562666661393638353235633161346161383135653437336166
63383562343561313666316235646330386238386633353938616562316232323066383131373864
62663166663139353133363832353139663866366636373638303139346239373565376236613762
36316535383166303862643733343562363737393438383265663939386131333935303035326632
38336663643961343763393431633538306231386566353334323435396333663763653238366364
30356437306236343639643963663736633332353533326366316430636531323336386639633065
31366238363233323830643564663566356138376265336139663331636565373130313661313765
64356431316337333836356337396563613663396236333134306361373439353938656132386565
62323437346635383534393966306638353961643764616239336438376331366265653230353665
35663138383633373330623835636537333361616463336237636264363663376364626632653866
64643232313863613830623433636465303634336266643238383261396663356464356232323633
39616161623437616439376361653063326361656133613131356132626463383365656364376261
33363837636230656664343334636166653466663238366239326663303033323965316539386133
31396234633335663561323833393339653036323864646261333733336163376534613863383837
36306561633836353064383336623837393833343163326631313130666264313837653439623262
61626666633432663464386633633566653361353231316531366231653163393434376639656636
3638333933656436366235303166306438663262343066613466
